 0.4375
 0.7578125
 0.546875
 0.4375
 0.296875
 0.7578125
 0.859375
 0.703125
 0.4296875
 0.3359375
 0.625
 0.7734375
 0.75
 0.6796875
 0.3828125
 0.5234375
 0.828125
 0.890625
 0.5703125
 0.53125
 0.265625
 0.71875
 0.8125
 0.5859375
 0.609375
 0.71875
 0.3046875
 0.5703125
 0.7734375
 0.78125
 0.34375
 0.734375
 0.515625
 0.96875
 0.7109375
 0.4296875
 0.2265625
 0.25
 0.671875
 0.328125
 0.2734375
 0.4140625
 0.40625
 0.234375
 0.421875
 0.59375
 0.25
 0.125
 0.21875
 0.375
 0.53125
 0.6875
 0.453125
 0.59375
 0.6328125
 0.3203125
 0.4375
 0.3125
 0.453125
 0.5625
 0.453125
 0.703125
 0.421875
 0.609375
 1
 0.375
 0.7265625
 0.8984375
 0.6796875
 0.390625
 0.6875
 0.5546875
 0.5625
 0.65625
 0.484375
 0.40625
 0.46875
 0.3125
 0.5625
 0.859375
 0.40625
 0.4296875
 0
 0.59375
 0.78125
 0.3125
 0.265625
 0.5625
 0.140625
 0.40625
 0.265625
 0.5
 0.546875
 0.453125


