 

-0.5426236498,
1.225215369,
-1.743314109,
1.435093561,
-1.78924199,
0.6594139363,
1.492576628,
-3.867546185,
-2.270549509,
-0.8399341881,
-0.1003496783,
0.02721615447,
2.425355995,
-2.750930242,
-0.4563463104,
-1.934879734,
-0.8544461168,
-1.168787452,
-4.07176162,
-2.44086087,
0.5139099282,
-0.1516208993,
-1.113143448,
-0.06422108987,
2.991533693,
-0.9528432009
;
1.783984832,
1.328123294,
0.4599276866,
-0.3558794363,
-1.660732422,
0.9413981934,
1.333844136,
-3.172264287,
-3.083705485,
-0.3110636696,
0.3660021591,
0.2463942297,
-1.74890868,
-2.685728965,
1.143666645,
-2.038931288,
0.1272688633,
-2.091514433,
-1.095713068,
0.2851485388,
-2.995745138,
0.5341796826,
-0.5408754997,
0.3436146946,
0.8874363495,
-1.006452104
;

-2.564909862,
-3.772817157,
1.215297776,
2.108438833,
0.00984569624,
-0.4290413879,
-0.2029647157,
0.3824871141,
-3.929420068,
0.4149652591,
-0.5182376,
0.5971909942,
-2.803891474,
-0.8457462442,
2.823174898,
1.610590053,
-0.166431893,
-2.798447446,
3.922234489,
0.6206129296,
-1.90294768,
-0.7258651366,
2.399389396,
-0.4814506213,
-0.5525642864,
-2.484271397



bN =

  -0.67883   3.49660  -4.24225   6.12252

