-0.46541882
0.36307734
-1.1938623
-0.2348086
-1.452508
-1.0675515
-1.0381444
-0.9111856
-0.85944223
-0.39894852
-0.6210802
0.20388164
0.008743163
-0.015090406
0.60730135
0.16761594
-0.52301556
-0.13975069
-0.7078418
-0.6786633
-0.926525
-0.9892071
-1.8461637
-0.6711291
-1.1992619
-0.2021948
0.3601889
0.95045865
0.71395713
1.2042606
1.2884631
1.2705944
1.4046484
1.0350302
1.0608451
0.6311777
0.17114502
0.78530186
-0.3850995
0.07616733
-0.58872354
-0.73602784
0.30381835
-1.2464515
-1.601316
-1.8387232
-0.36639404
-0.7257383
-1.2302291
-0.741158
-1.3615025
0.57269615
0.110513866
0.9907707
0.8764362
0.98703647
1.2539237
0.84987503
0.92225415
0.59430164
0.7688044
0.2780795
-0.7725974
-0.32716024
0.2559742
-0.098825514
0.070583224
-0.7292313
-0.0075926185
-0.97370386
-1.2625132
-1.0277412
-1.1137464
-0.5403945
-0.08821115
-0.35788757
-0.5375418
-0.458834
-0.3386051
-0.276405
0.6267019
0.635401
0.87801576
1.3618743
0.46498638
1.6249955
1.088665
0.68784904
0.2173121
0.9016196
-0.45273128
-1.0045779
-0.9614497
-0.46362564
-0.47653848
-1.6529588
-0.8318774
-0.92021877
-1.17313
-1.8257267
-0.8924435
-1.4090656
-1.0690384
-0.9960237
-0.099013746
-0.45857194
-0.07803421
0.23892754
0.29766402
1.0771105
0.8478422
0.9803035
0.5638286
0.6027129
1.1345031
0.13938083
0.45237046
-0.06489132
-0.47969395
-0.18346019
0.009502485
-0.57447886
-0.30949658
-0.21905816
-0.3557196
0.49764204
0.27060777
-0.20831583
0.49369448
-0.36160657
-0.04977545
-0.07707931
-0.18551786
-0.86031747
-0.55003834
-0.9797244
-0.8375546
-1.3206699
-0.9186645
-1.1479244
-1.1343504
-1.2040251
-0.9001287
-1.2119321
-0.70680094
0.22876315
-0.009760037
0.38427973
0.77729
0.8687284
0.6128695
0.94019467
0.5470655
0.9223699
0.4559742
-0.05457624
0.093642205
-0.20740983
-0.74780273
-1.0618869
-1.5275099
-1.4334898
-1.4086317
-1.5958691
-0.77262104
-1.1352394
-1.4007567
-1.1861973
-1.3795855
-0.3716988
-0.63466066
-0.009429038
-0.36781758
0.24040599
0.19373612
-0.01568456
0.35282958
0.24223182
0.41269344
0.37408355
-0.6028104
0.2891114
-0.17135918
-0.5429797
0.37855524
0.59521985
0.49697775
0.88422287
1.1796575
1.0255433
0.80218834
0.7130545
0.423353
1.2602737
0.7123243
1.3332372
0.13343489
1.184933
0.3785279
0.36888966
0.7885241
0.99302936
0.9061864
0.3343339
0.021435812
0.35875225
0.72110665
-0.06975399
-0.30835718
-0.7689738
-0.3046953
-0.35501665
-0.69143826
-0.7864116
-0.7382826
-1.2328879
-1.3858094
-0.7980852
-0.13804275
-1.0911158
-0.94318676
-0.5252434
-0.46301314
-1.1240102
-0.076096356
-0.22032553
0.29809374
0.989076
0.5801471
0.6113303
0.7360666
0.8895296
1.6397947
1.3692514
1.2885994
1.1968377
0.9025724
0.70984745
0.6018322
0.6379032
0.60018325
0.40764737
-0.4425114
-0.290672
-0.97165203
-1.0946035
-0.4552471
-1.4448884
-0.5553201
-0.71540475
-0.5771607
-0.5578468
0.5894246
-0.12000782
0.6354945
-0.15833206
0.4073916
-0.07528778
0.13151929
0.0087015815
-0.0071564466
-0.6658179
-0.8233296
0.13092747
0.24883264
0.6592003
0.25137445
0.26839668
0.22295311
0.72687376
0.44592565
0.678278
0.83389884
1.1194035
0.72532165
-0.24658927
0.30626944
-0.12822661
0.82017463
-0.14269222
-0.25419092
0.036179125
-0.23411486
-0.6554167
-0.5370939
-1.0461422
-1.3202875
-1.2387527
-0.90449095
-0.0428676
-0.019554868
-0.3758178
0.21187937
0.7103734
0.7248003
0.8617064
1.6662087
1.4953077
0.81214046
1.0722945
0.82994735
0.63826185
1.907194
1.0745975
0.49893326
0.13591121
0.059389092
-0.53892744
-0.34294915
-0.88376755
-2.3997838
-0.77223384
-1.2403239
-1.3853253
-1.8752556
-0.85120434
-0.7354001
-0.7704364
-1.4021231
-1.0942652
-0.75871855
-1.150516
-0.70398146
-1.5891721
-0.43817705
-0.50660455
-0.57964396
-0.7750724
-0.95360553
-1.004647
-0.86066484
-0.42705566
-1.324961
-1.2150605
-0.8932977
-0.5113955
-0.3671356
-0.4053981
0.5899581
-0.0066530704
-0.12589765
1.025921
1.4948174
1.3183409
0.48087144
1.3979456
1.0659492
0.48060143
0.49120066
0.673542
-0.6974315
-0.23801628
0.14482254
0.56405693
-0.39245924
0.1900028
0.9696511
0.08875191
0.52543503
0.97358495
-0.03775096
0.74954814
0.49747503
-0.21383321
-0.38794464
0.18243665
0.60719633
-0.015805334
0.23786464
0.5072844
-0.69981426
-0.48661867
-0.37756002
-0.5729334
-1.2303741
-0.4447953
-0.23082602
-0.3921147
-1.0296474
-0.9375014
-0.8962531
-1.0725331
-1.8716292
-1.8767781
-0.2600233
-0.28529274
-0.6007185
-0.36820507
-0.44106632
0.017488748
0.74683756
0.10512291
-0.9883771
-0.13255905
-1.0886061
-1.6400899
-1.1182213
-2.0833163
-0.9624032
-0.8280226
-1.0542812
-0.16580074
0.38437176
0.8942858
1.0519922
1.2885654
1.4243845
1.5457228
0.8135526
0.9961856
0.72268665
0.1575883
-0.9684304
-0.9396523
-0.1628393
-0.68961626
-0.6096499
-1.1433911
-1.5382432
-1.4131638
-1.1744995
-0.4470917
-0.8716139
-0.7575756
-0.9250376
-0.93280244
-1.6405978
-0.95853376
-1.2548094
-0.9810537
-1.3944921
-1.3343409
-0.5845811
0.077697635
0.32605293
0.22017919
1.0973296
1.3093476
1.9318991
0.8999292
0.6311308
0.30279773
0.31984425
-0.24529639
-0.6054437
-0.52000725
-0.9533751
-0.9155613
-0.680849
-0.29997268
0.5016934
0.77328587
0.34025955
0.28615323
1.1131085
0.8734551
1.3282917
0.4117153
0.57655483
0.53569174
0.14503984
-0.3554822
0.6424526
0.17374489
-0.3405556
-0.9866797
-0.110561475
-0.24065498
0.3264141
0.16591093
0.33286142
0.37328082
0.532341
0.107139766
0.58043134
1.0291141
1.3556899
1.0596898
0.716105
0.8589983
0.46377465
0.41657263
0.17325178
0.31235188
-1.0261977
-0.4064882
-0.45538718
-0.38447124
-0.52262974
-0.45383394
-0.91704756
-0.79336727
-0.5549507
-0.1266613
-0.77408504
-0.8105624
-0.07004008
-0.63010806
-0.07247284
0.44454172
0.4258994
0.46818256
1.1615493
1.0277697
0.10384995
0.75670755
0.64754313
0.19214538
0.11366877
0.24003188
-0.68986124
-0.09836355
0.12672687
0.0011947304
0.471438
0.5741175
0.13867724
0.5707947
1.2836397
1.2531781
0.67118907
0.35324892
-0.03534095
-0.866556
-0.58868504
-1.2290758
-0.57600594
-0.87297225
-1.3333104
-1.3568442
-1.4584103
-0.9349947
-1.6673437
-1.2003229
-1.3287947
-1.3142128
-0.46756104
-0.50198275
-0.036627267
1.0447525
0.55502576
0.86167204
0.65038085
0.6373396
0.24912375
0.010077834
0.24804962
-0.63123834
0.23769492
-0.17617267
-0.8319171
-0.91819364
-0.44230288
-1.4850122
-1.180853
-1.1155344
-0.83474123
-0.9956052
-0.5458464
-0.14737314
-0.7489344
-0.31479114
0.6132368
-0.3155024
0.45418456
0.8691898
0.43904498
0.39648193
0.15569419
0.20628637
1.6594505
-0.49326482
0.063705385
0.16268373
0.8937782
0.019086212
-0.15078853
-0.84582114
-0.80326486
-0.843775
-0.7902372
-1.7533491
-0.30759197
-0.7943393
-0.42419457
-0.47445202
-0.83646333
-1.6325281
-0.112881124
-0.22110027
-0.62564754
-0.80780244
-0.5409379
-0.6656507
0.042840824
-0.3077939
-0.18272004
0.1980904
-0.15136269
-0.4243577
-0.55810356
-0.14228797
-0.44984508
-0.5070065
-0.16933644
-0.8467762
-0.97624373
-0.4928337
-0.68882984
-1.1059917
-0.38125795
-1.3158097
-0.1679694
-1.0328394
-1.40634
-1.048216
-1.7777884
-0.967793
-1.5770477
-1.2073696
-0.65091205
-0.6945612
-0.59376687
-0.53826654
-0.33689204
0.17172895
-0.11466224
0.47846377
0.740285
0.770344
0.59684014
0.5579027
0.965979
1.066212
1.2020631
0.71633077
1.070792
0.5128069
0.6967716
1.5568595
1.33178
0.28417662
0.36821413
-0.07277137
0.24834117
-1.0331957
-0.29076812
-0.3811068
-1.1266328
-1.5320404
-1.2546511
-0.27658224
-0.8842299
-0.5573895
-1.0287126
-0.68833476
-0.32311735
-0.1868666
0.7867216
0.6182568
0.6795184
0.53348243
1.5057745
0.6695399
0.6188816
0.3947265
0.27475592
0.1051901
0.036436882
0.0010338835
-0.45238695
0.32572246
0.47083044
-0.7063501
0.18025312
-0.02799362
0.9739744
0.8978286
0.5155656
0.35127282
0.8182278
1.0661459
1.3720706
1.0083264
0.33660054
0.94911903
0.78676
0.9822128
0.6025659
0.42362443
0.4336596
-0.053967014
0.35141706
0.08820357
0.4312144
-0.12385719
0.6590954
0.6388655
0.5672697
0.67377615
1.3413382
0.74014413
1.285264
0.91942
0.72123814
0.95038384
1.0483165
0.67572
0.014083415
-0.14212458
0.03497778
0.36807835
-0.6206633
-0.12002691
-0.30564868
-0.6732593
0.17271492
0.21103016
0.8500859
0.084176555
0.21738797
0.092768535
0.42457896
-0.7930055
-0.06791365
-0.18979746
-0.3256246
-1.1108462
-0.8455617
-1.2114482
-0.9800248
-0.4422801
-0.7098795
-0.7887934
-1.0298076
-0.7590311
-0.9271514
-0.56316805
-0.72707486
-1.29175
-0.81987894
-0.4707732
-1.0072908
-0.9564074
-0.4854287
-0.6403285
-0.040035024
0.3172344
0.25677603
0.032447606
-0.2076335
-0.0334979
-0.2938949
-0.35202923
-0.67859846
-0.4429156
-0.23525923
-0.5533728
-1.3107541
-1.6455635
-1.5172765
-1.0912095
-0.6446631
-0.6178368
-0.32217157
-0.48982525
0.30481768
0.41243428
0.14234231
0.30161822
0.7927805
0.7576388
0.26687473
1.2295704
0.56308675
0.3214468
0.60650074
0.52495056
1.0425643
1.1244048
1.0642121
0.31310213
0.8651231
0.827157
0.37903336
0.21264611
0.14720073
-0.82085574
-0.54331374
-0.122546256
-0.963035
-0.7713583
-0.47422135
-0.12401721
0.5920384
0.3241033
1.3490815
1.0579509
0.90737987
1.2027458
1.411809
0.6994653
0.3944671
0.52201366
0.11154917
-1.1861176
-0.8726646
-1.1633372
-0.9078641
-1.2104598
-0.8719491
-0.9223224
-0.4800014
-0.760759
-0.565207
-1.2072839
-0.66362166
-0.53993285
-0.38394046
0.20679471
0.013173237
-0.066725515
-0.31177583
0.6595607
0.57447445
-0.6000042
0.43245897
0.57063943
1.4026375
1.0979974
0.5703925
1.2497225
0.05419016
0.61863583
0.69921315
0.77686965
0.6215873
0.5827891
0.85457015
1.2235181
0.75223583
1.3633517
0.8953313
0.71211386
0.88290995
1.2456503
0.8077685
0.49465787
0.013683438
-0.5296807
-0.66666114
-0.78631294
-0.9744262
-0.47071865
-0.31547767
-0.75529575
-1.3547349
-0.4643131
-0.8568958
0.7536371
1.1057322
1.2560582
1.4672843
0.7181332
0.44873393
-0.2658494
-0.2878277
-0.016614646
-0.6685878
-0.84219426
-1.1140188
-0.8441392
-1.5303867
-1.2050595
-0.78908974
-0.77117836
-0.41506058
-0.16130178
0.15535374
0.46196955
0.87667453
0.07510206
0.67102206
1.2618959
0.3625614
0.26830366
0.58123916
-0.32132125
-0.09815805
-0.27888095
-0.28264952
-0.80851114
-0.24417844
-1.479699
-1.139137
-0.43679014
-0.6520018
-0.7917305
-0.47011802
-0.5814556
-0.11757101
-0.69005275
-0.12530655
-0.31694078
0.050750107
-0.49374974
0.3653019
0.30930787
0.12102632
-0.4141847
-0.1426316
0.21670473
-0.5260172
0.04091367
-0.6538733
-0.5662011
-0.45647243
-0.6141874
-1.1194894
-1.4328318
-0.63458383
-0.819853
-0.72321427
-0.79754424
-0.29474905
-0.22105742
-0.48447782
-0.6761707
-0.41891766
-0.59634537
-0.54275846
-0.661635
-0.68743944
-1.1645547
-1.1272035
-1.2092955
-0.6005629
-1.0362046
-0.40751505
-1.1242561
-0.30051023
-0.9664502
-0.78304464
-0.44083244
-1.0985167
-0.93055207
-1.4009275
-1.1100243
-0.72729266
-1.3660741
-1.4753815
-0.866621
-0.9477754
0.09132254
0.019886792
0.08400537
0.8313618
1.4267807
0.7313202
1.0903049
0.29956228
0.7110572
0.9832047
1.2541732
0.6611785
0.8253344
0.4085667
0.804923
0.48214626
0.523736
0.7779577
1.1825677
0.91548
0.90626967
0.6193895
0.5119236
0.7548537
0.81208086
1.283123
-0.041462123
0.66837966
0.3736463
0.560634
0.78292423
0.39608178
1.5246366
1.1141263
1.5807929
1.6858602
0.5598737
0.9398279
1.2607417
1.7783873
1.5746264
1.0245699
1.180136
1.0880762
0.6335964
0.7827697
0.41224504
-0.16108334
0.67704976
0.6465884
-0.10952473
0.17955483
0.16593556
-0.35575682
0.379562
0.1902177
0.037023053
0.20062219
0.92663956
0.14493346
0.76397103
0.6661884
1.1649591
0.87870145
1.1468232
0.2610755
0.23272914
0.29816765
0.68740195
0.43029678
-0.2408969
