-0.015811622
2.7455728
-0.044368446
0.58317053
1.881294
-4.168075
2.2561827
1.4069924
1.9178091
-2.043855
0.715707
-1.4962201
1.2715807
-1.9572992
-0.55672216
2.7726336
2.3674362
2.6630173
3.8536923
0.88882506
-1.1601573
-0.15369856
0.18333966
0.51126957
-0.22756612
0.12699151
-0.056984246
0.17764094
1.2802254
2.0746052
-2.8106742
0.5272175
-0.4557152
-1.5675032
-1.8308922
0.8597112
-1.867484
-0.24331135
-0.05084175
-0.052113473
-0.25653833
-1.6279597
1.4093341
-0.828422
-1.6462542
2.2652707
2.4196723
0.24271707
1.526935
3.1229742
-0.90113926
1.2690195
-0.27931765
-0.66700727
-2.091671
-0.9043209
-0.27078694
-0.09654713
-0.022276402
-2.7909634
-2.4754348
0.012043357
-4.1243
-0.47045326
-1.4620706
-0.944874
-1.0583115
3.055971
0.16165367
1.988713
0.7048327
-0.20258987
-0.77281845
1.2762992
0.24689078
-0.8733194
-0.19012463
-0.17323941
3.2778714
1.134475
-0.36588538
0.32709187
-1.131834
-0.4895616
-0.52095443
0.029470623
-1.231441
0.4067117
-0.77532923
-0.94606245
-0.71186423
-1.1160516
-1.1060598
-0.41407794
-0.71614116
0.39566594
-2.634354
-1.9802873
2.4055812
-0.9454322
0.75417745
-0.15540485
-1.8632056
0.10234217
-3.203084
3.191331
1.7479727
-1.9467399
0.980582
2.5404787
1.8168077
-0.49900496
1.9128611
1.7623343
-0.44529784
2.8514893
1.0342997
2.9947953
0.42477715
3.0506573
-2.4662442
-0.99015486
0.4117427
-1.0276091
-0.49005753
-0.19791931
0.82802653
-0.9465606
-0.8084584
0.28651583
-1.7210566
2.2872224
2.9193344
0.88753057
-0.7673844
0.30271155
-0.36825442
1.2586623
-0.21073748
1.4021506
2.954448
1.0551519
2.1555967
-0.23495828
2.4179833
0.99219
-0.23721682
0.38276377
-1.6250181
0.08160505
-1.9789279
-2.5230548
-1.3492565
-0.9612182
1.4306321
0.9932079
-2.0027874
-0.8221317
-1.1986442
-2.0281167
-0.9036566
-0.60633796
1.9691072
-1.6292936
0.674685
1.7240916
-0.8671139
2.8108044
2.4661787
1.7023675
0.34397358
1.9589647
2.176014
1.8904035
0.49049002
0.86118364
-1.9845688
1.0901262
2.1650095
2.7485828
4.0407963
2.5948377
1.6066954
-2.1810298
1.8384886
-1.7744002
1.6526303
1.3825674
1.3325791
5.0776625
-1.3872212
0.94513965
3.1556716
-0.83114636
0.6103458
1.5780421
-1.0120114
0.086550295
3.4280987
1.2202663
2.5068843
-0.27828622
2.2738574
1.2280006
3.4149387
-0.21030903
4.300847
-3.3687015
0.46786165
1.0133964
-0.38065952
-0.4523685
-1.3436401
-0.50300837
0.15219647
-0.5690987
-0.66205215
-2.2561417
0.7977537
-2.4445913
-1.0547523
-1.8306534
-3.809039
-3.131855
-2.5080416
-1.5790831
2.2220979
0.2419315
-0.50541323
-0.21745273
0.39348793
-1.3567954
-0.34844464
2.769176
0.6543724
-2.3438752
-1.0045692
2.0892563
0.057566702
-0.97930133
-0.3258759
-0.19184041
-1.194421
-0.60689425
1.6903728
1.5749881
0.45722175
1.2747455
0.69245094
0.9624479
2.1656122
-0.022651732
0.15724343
-0.45213354
1.0032791
1.4405476
0.48795712
-2.182582
1.7522559
-1.0637659
-0.80496216
-1.8923101
1.4283323
0.6527697
0.32571518
-0.53158474
-0.3595579
-0.26225132
-1.6105005
-0.62252843
-0.20476435
0.11460041
2.0596838
-0.7732146
0.6754468
1.9442222
1.3562526
1.8924965
0.8019196
1.7847093
1.8097575
3.0420003
2.310665
0.8602288
1.4338472
2.95253
0.72760826
2.086774
2.8859453
2.0263748
-0.46802118
1.6664768
0.91211617
0.29587275
0.41025025
2.6443865
0.7680577
-0.76232636
0.81390417
-0.69320834
0.39974684
0.16124862
0.5096853
-0.24120897
-1.6055658
-2.148543
-0.17463934
0.04496485
-0.9162104
0.045057714
2.3678398
-1.9329007
-1.742167
0.6826377
1.0649073
0.18849744
1.8168931
1.852839
1.3968093
0.37712008
1.6430995
-2.0921583
1.1303251
1.588187
1.3439956
1.4978158
3.0060704
-0.4304242
0.06827539
1.7094369
-1.0872934
-1.7811048
-0.7399896
0.70951074
-0.9607345
0.44828752
0.4941894
-0.27493048
-0.40121275
-1.6129576
1.0750408
-0.31934243
-1.1635498
-0.43294474
-2.8785734
-1.5604637
3.697923
-0.5670012
-0.8052898
0.71798086
3.8070767
0.56310046
0.050613187
-2.792878
-0.007937729
-0.51808673
-1.4366575
0.9197588
-2.4809217
-0.94108784
2.280176
0.51265985
0.93175524
1.2600777
-0.72577107
0.6668242
1.0085073
0.44022834
-0.58852196
0.21686566
1.4828925
1.9290311
1.6667454
1.2732435
1.3116482
1.9585356
-0.14673391
1.2470099
0.8636377
0.742003
0.062235475
-1.5525601
0.13501728
-2.4568415
-1.3019685
-0.93459004
1.933469
-3.2150164
-2.1728594
-1.6982282
-0.43917525
-2.9850614
-1.373507
-1.7129159
4.127758
2.4354024
0.18114197
-0.1480971
-0.8061644
2.0493114
0.5625013
0.8862823
-1.2442847
-1.4803051
1.8984983
0.9924744
-1.7143075
-0.031298637
-0.41247338
0.4175942
-0.9035402
-1.7058102
-2.7899954
-2.6276588
-2.1757264
-1.8073674
-0.9789782
-1.4818459
-0.839313
-2.1869707
-0.29586816
-0.04227221
-0.9433556
2.8390567
-0.5475234
3.555835
1.6031768
-0.42048174
0.34466675
2.4667978
0.943137
0.30619276
0.8845032
1.8964162
1.8143048
1.3912666
1.615924
2.4413443
0.24510968
-2.26137
0.4581427
3.2682629
0.07292509
-1.9556891
-1.1240196
0.71347207
-1.4084599
0.33880907
-0.7111608
-2.6307423
-1.4360368
0.17163715
-2.3736157
-1.7574605
-0.5264698
-0.80226475
-2.1427255
-2.2358131
0.15067297
-1.5049276
-0.939372
2.6576297
-0.5003294
-3.7383935
2.2310693
3.375539
0.8454248
-3.9560587
0.44261962
-1.7771034
-2.710616
0.49357277
0.37141007
-1.6429092
1.4895433
-1.9211519
-1.1909858
-2.4345098
-1.178598
-0.9558805
-2.3895166
-1.4268156
-0.23315334
-0.96645916
-1.9160256
1.4550633
-4.780306
0.67493165
-0.09647459
0.82744896
2.9875612
0.22294591
-0.14424044
-0.61139697
1.4470816
0.92078686
2.9914098
3.7894506
0.7626421
-0.7277349
-0.24450642
0.21014884
0.22662991
0.85654366
-0.31660357
-3.4728544
0.34753728
-2.1253443
-0.7697353
0.18547034
-0.023132801
-2.2633073
-0.9796015
0.5716376
0.075670004
1.1025026
0.591751
-0.7636119
-1.6059926
-2.4887598
-2.3663938
0.41752976
2.1059341
1.20894
0.8070718
1.0390332
-0.12938148
2.186831
0.0202865
1.9572158
0.0636878
0.9309496
0.77277565
-1.565475
2.0595744
0.40591395
2.9698524
2.242774
1.2085458
2.1741796
3.9914668
1.1450964
-0.7708137
-0.79448617
2.2564301
-0.13137823
0.8160108
0.70334834
1.610984
0.51763976
1.165185
0.992856
1.0333992
0.32484344
-3.133593
-0.4162719
-0.9357382
-2.0295947
-2.9901202
-1.3155377
0.26984262
-2.1767726
-0.1559071
-4.219314
-2.6224432
-1.4998951
-0.3876244
0.38796282
0.2007215
-0.58357084
-2.0236728
0.5285473
-0.6488335
-1.1005155
1.8677963
-2.22058
-0.96165335
0.2540518
-2.6303892
-2.1708674
2.4833136
-2.342912
-2.55646
-2.4688516
0.87662977
-1.0727526
-0.029006666
0.56665665
1.3861609
-1.0114372
-2.741191
1.6829865
0.08295649
0.62689155
3.0706534
-1.225076
3.51751
0.95254934
1.443831
-0.028342098
0.89958936
-0.096142575
1.4666651
0.10455784
0.24898408
0.4374464
0.10385293
-1.3160902
0.35752934
0.7091031
0.6368933
1.4941573
-0.36484814
-2.7182736
2.1571176
1.269456
-0.73358977
0.83343196
2.8165555
-2.1396756
4.698523
0.23489928
-1.862639
1.3803166
1.9948992
-1.0717477
-0.8143192
0.4829773
1.3193486
-0.65260035
-2.325119
-1.8969948
3.5267916
0.98532486
-0.19497472
0.8769365
1.4303458
1.1253012
2.1104734
2.103884
1.7587118
0.09926891
-0.99315006
2.218739
-2.129742
1.6440235
-0.36827037
2.32592
-0.464548
0.6331195
-0.54115963
-1.9913276
-0.46640247
-0.8244144
-2.1109638
-0.19854811
0.64940286
-0.73927885
1.2543671
0.34243226
0.90552074
-1.3870984
0.4029182
-0.06511587
-0.3868267
0.6349203
3.6690311
2.9218156
1.362186
2.8312888
2.1558049
0.4652018
-2.6326206
-0.6986346
1.8788383
0.5283113
0.96057534
-2.030218
-1.4608057
-1.8222538
-1.2829548
-0.43162897
-0.49550378
0.034635052
-1.2890775
-0.56934965
0.49895233
-1.6344447
-0.4372398
2.9447303
0.85453224
-0.07872319
-1.8921841
-1.3200359
-0.41874194
3.6916485
0.46347234
0.87258947
1.3755171
1.7409166
1.029892
0.4777217
0.9654973
1.2884324
0.036176443
-2.6749926
1.0482644
-1.5442436
0.97034186
-1.2231531
-2.9034116
-2.2822647
1.6855335
-0.111659884
-2.2303772
-2.592206
-2.913194
-2.8358707
0.87919855
-1.9156415
-0.13339776
-3.844471
-1.4407084
-2.185935
0.2397536
1.7065145
-0.15033442
-0.93635786
-1.1140809
1.0158198
-0.110878915
-1.5648141
-1.1659492
-0.90675247
-0.8621081
1.8175362
-0.9945032
0.0481821
0.6402055
-0.7286071
0.23185337
0.38615733
-0.5539269
0.36415902
0.83024377
1.0126537
1.0654597
3.3709433
0.83272797
-0.27409065
-1.1637639
0.41191098
2.0658438
0.53927046
-1.8738151
1.0812516
0.18422548
-1.4704968
-2.1726778
-1.4500436
0.82200927
-0.62819314
-1.290675
-1.8050063
0.73077697
0.4172637
0.99693596
-1.9504862
0.5953686
-0.42344153
1.7437359
0.5463265
-0.55567455
2.2229972
-1.4115732
2.756702
2.7672758
1.7159582
-0.5726309
3.2426667
1.4949055
2.0782204
1.1296072
1.9098467
-0.15899765
-1.2579287
0.44953144
1.3478631
-0.41635665
-0.7025679
-1.3371364
-2.2540858
-1.1804619
-0.04234916
-0.09193176
2.803012
-1.2215896
0.9605015
-0.87440944
-2.9307702
0.12814355
-0.83036554
-1.4926776
1.5351081
1.0269113
1.5428327
1.7920358
3.6675391
1.0154158
0.7080488
0.59581083
0.73314977
0.8352826
-0.078608796
2.855809
-1.3025869
0.39985627
-0.7671026
-1.1120496
-2.9867063
-0.19178438
-1.363898
-1.3473543
-0.41695046
-0.10529292
-3.3757803
-0.31706554
0.4577729
-0.0086583495
1.8684179
0.05241978
1.8397977
0.75575703
0.7205494
-0.62255037
0.03763914
-1.2070158
2.1689336
0.0026029795
1.5167923
0.10353398
0.8119547
-1.9023604
0.9283901
-1.7835028
-2.526136
-1.659312
-1.9649305
-1.1103308
-1.687212
1.0279485
-0.4180529
0.5495367
0.66716635
-0.66075814
0.5763346
1.3737206
3.3213563
3.4292593
1.3636714
2.360554
0.6089368
-0.78747106
2.2070935
-1.7779611
-0.64451766
0.6867403
-1.1957792
0.057667106
1.8842573
-0.22860219
-4.801375
1.0834961
-0.85566705
-0.6178037
-1.9969912
0.95228285
1.8153248
1.6630279
1.7535744
-0.015528619
-0.84096515
0.6318329
-0.16928679
-2.2444715
0.7699661
0.49063787
-0.9350534
-1.1389644
0.27646953
-1.1487172
1.4309773
-2.4075587
-0.07110888
-1.6207652
-1.5405321
-2.5665221
-1.8436317
-0.24599677
-3.3061578
-0.030775547
-2.4765267
-0.7302493
-1.2771931
0.07676983
0.78321636
0.29085076
0.8762542
-1.5666666
-0.56850994
-2.8009174
-3.6304026
1.062153
-2.3877645
1.5667708
-2.4619546
-3.0464182
0.5134032
-1.4673059
1.1168888
-0.22212192
0.94967055
-0.10017061
2.32453
2.9006524
0.3764807
1.3811595
1.9608918
2.2493248
4.2329483
1.8143127
1.0369794
1.1690212
-0.28584543
-1.7606711
1.1573284
-1.8303599
-0.17868972
-1.4765034
-1.8970587
-1.1908859
-1.3577389
-1.9426763
-2.398651
-2.720715
-1.6414754
-1.8023679
0.9945941
1.3679974
-2.3149786
-1.0523639
0.8086635
2.19963
-0.2487781
-0.88917357
-1.3029699
1.1614999
1.0560241
-1.5905809
0.1521005
2.428174
1.5880537
-0.1801764
-0.079114676
1.3811077
-0.35548764
-3.4108486
0.4334879
1.2411455
0.5064785
-2.0336108
1.048892
0.46344134
0.53324676
-2.4960856
0.71123594
1.1013907
1.9937046
-0.6010088
-0.2989924
-0.5957296
-0.50444853
-0.8237311
0.3988986
0.029187024
1.8007126
-0.5714662
-1.0625962
-2.068963
-2.4650023
-2.0614913
-0.519319
1.1128112
0.70014644
0.06988123
0.31170785
0.74108696
0.3996283
1.6238639
-0.8515292
4.0118494
0.26014918
1.9863026
1.322821
2.6851237
-0.2108562
0.2658082
-1.1716397
0.98219115
0.8424494
1.5740424
-1.6146593
-0.9989522
0.46589938
1.1134065
1.1277385
0.8548089
-2.0696836
1.034819
1.723215
-1.3463912
-1.8773811
-1.608485
-1.4691734
