0.5236285
-0.43537056
-0.78866833
-0.26810706
0.038569868
1.517597
0.77085006
-3.2707014
-3.1179593
1.3060662
-2.625871
-0.6414496
-1.5749723
-0.26687068
-1.2529196
0.8391024
-2.6736584
-0.6752834
-2.201439
-0.10854268
0.5109499
0.49805772
0.5764105
-1.1056187
0.14072615
-0.94342756
-1.682862
-1.8495893
-0.21290469
-1.0845941
-0.79708916
0.3417356
-0.123744965
-0.30898833
-1.6119025
-0.3306982
-2.275272
0.1418379
0.7854349
-2.4559572
1.2076179
3.8583083
-0.0109746605
1.7785097
0.94301534
0.29659158
2.1531358
1.0474916
0.5424
-0.75098777
2.5603411
2.238656
1.30556
-0.84315926
2.173309
-0.83006614
-1.8930593
1.69367
-1.0227908
0.46414673
1.7593777
0.58191955
1.13845
-0.6742934
1.7793988
0.7536039
-0.5308044
-1.7576655
0.5167353
0.271676
-1.1685145
-0.14091799
-1.1428345
-1.5167768
-2.5722742
-1.6696111
-0.72372687
-1.5149708
1.5143236
-3.4362373
-3.2389565
-2.2782404
0.37963974
-2.2413614
0.296059
0.02781099
-0.3694293
-2.7322822
-0.25316644
-0.83766484
-2.3323557
1.4191179
2.4006534
0.074368775
0.25947207
1.7119292
2.8225367
2.0901802
-0.7781941
0.35680485
1.1877292
0.7892127
-1.437269
-0.61455137
0.7884433
-1.3595474
0.5491925
-1.9482453
1.3694301
-2.1229646
-3.2336018
2.0638123
-3.6141376
-0.03823936
-3.151259
0.33970925
0.24689773
-1.1038202
-1.0136964
0.88361526
1.0664428
2.447236
-0.0990258
0.50913316
-1.1165955
0.7873747
-0.79526126
-0.11588314
0.6799623
0.28753352
-4.0276976
-2.2011027
1.4990593
-0.53676206
-3.972831
-0.6028087
-1.4098389
1.353106
-1.5941907
-2.0694008
-1.3199793
-2.60754
1.6841872
-0.9941098
-0.63398236
-2.9718623
2.0741885
-2.0929832
1.2297574
0.3024307
1.0138425
0.65209687
0.93811226
0.36260435
0.663593
2.2335734
-1.7397296
-0.4999584
-2.4135537
-0.5677076
3.0227716
-1.116465
0.23711434
1.3723896
-1.7194388
-1.5231808
0.9237752
0.8985167
-1.1498063
-2.5165226
-3.2942352
0.794067
-1.3471954
0.70798635
-0.30474624
1.2236073
-0.99079955
0.739376
0.86905855
-2.8356855
-1.4631622
1.8129616
-1.0073138
0.9839259
-0.8574866
-1.2164665
1.8478034
0.6291899
1.4133626
0.70086235
1.4263889
-1.1653618
1.2444379
-0.43104216
1.4482566
1.1452848
0.22534633
-0.7458762
0.6628951
-0.58252215
1.9605632
1.2242442
1.1662194
2.5553596
3.302581
0.05973524
0.9482844
1.8012469
-0.12964767
-0.6493178
0.43428117
-0.74094903
0.2673219
-1.2369463
0.74615353
-1.9857656
-0.6653011
0.2247551
0.97618115
0.49276513
0.2569491
-1.5762224
-0.95306224
0.5422057
1.7087243
-1.0790851
0.8792642
-0.6512517
-0.13980371
-0.46218222
2.1472025
0.40465298
-1.8346083
2.0774503
2.986891
4.363665
1.6550016
2.253326
2.0831442
1.0286715
-0.33751482
1.8964415
0.2629813
0.667542
1.0055004
1.2026782
-1.7426658
1.8083614
2.061432
-1.7739236
-0.36621428
1.551862
1.7288749
1.1447105
-1.0487916
1.3789076
3.2097707
2.3256836
1.4205904
-2.6574535
1.1935058
1.3066015
0.90674305
1.0827248
-0.58299845
-1.3219076
0.28369725
-0.4216407
-1.1661104
-0.77972186
-2.0023704
1.5462003
1.4225397
1.8886952
-0.43839914
0.12863156
-1.4270602
-2.9952517
1.3630679
-0.70439935
1.6717702
-0.33504838
1.2880905
2.3447955
2.9849029
1.6097996
0.5789225
1.8425698
-0.08771002
2.691901
-0.773503
1.816257
1.2389722
-0.12384462
-0.0975904
0.80093765
0.17173992
0.008907199
-1.8635322
0.76731646
-3.7768624
-1.5285735
1.4813699
-0.18493736
-1.5158501
-1.6871278
0.6023246
-0.29764128
-0.45280355
-1.4360803
1.0348687
0.22823155
-2.105063
-2.7444077
-2.1099987
1.0506139
-1.477382
-2.2648933
-0.12635432
1.9964696
-0.5019024
1.0117874
-0.68720436
1.5035009
0.45421436
-0.985147
-0.6188191
0.88997775
0.07006341
0.91710943
0.3252591
1.0690122
-0.4866048
0.79234415
3.5465803
-0.14017254
-0.36561972
2.86562
1.152798
3.8115425
-0.63625443
2.0411305
1.5869422
0.80775356
3.0574427
-0.37930435
-0.19177473
1.729919
1.6736104
-0.7110735
0.6484234
0.7787491
1.0600958
-1.1265721
1.7378842
0.79388154
-2.113954
-0.6986575
2.1472132
0.990844
1.0374929
1.812554
-0.4067018
0.842007
-1.1018515
-0.7861295
0.8197678
-0.7576734
0.07376081
1.2873474
-0.9638525
1.4481292
-1.231092
1.3147763
-0.6496819
0.053293258
3.6381483
0.1272851
-1.3165599
-2.2468717
0.7133697
1.378245
0.20800337
0.5810826
-2.4820015
-1.2320735
0.5785494
-3.7575157
2.6701999
-1.8401811
-0.12193063
-4.2619624
-1.7509558
-1.0063953
-1.3109748
-2.4787855
-0.8512125
-0.48484036
0.9239644
0.13150215
1.3413191
-0.29374638
-2.4190876
-0.44681668
0.9378313
-1.6376581
0.90703815
0.7746555
-1.5293251
1.4829295
1.9147333
-0.4546451
-0.4780234
-1.5803769
-2.5911794
1.0589767
-1.1188831
-0.074890554
3.081386
0.7123031
-0.102544345
-0.51613927
0.5800477
0.8868923
-1.8782136
1.093844
0.5205849
0.8981802
-2.0584702
-0.18812174
0.82571375
-0.23990381
-0.5487701
0.9846006
1.5899643
0.21690613
-1.0537834
0.19002879
1.5322694
1.5766114
0.056446344
-0.9872725
1.0035288
-0.5477245
1.003288
0.047099233
-0.598971
0.32505012
3.9143348
1.9104679
2.5195746
-0.1902278
0.839319
-0.6294974
3.013677
0.08746123
1.9749856
1.2451012
1.3343384
-3.01226
-0.19664061
1.6164898
0.6185866
0.8453568
-0.33985895
-1.1542466
-0.99368006
2.2555387
1.7474649
-0.5461544
1.9259909
-0.51878035
-1.1037831
-1.2451462
-3.3121371
-1.9759272
0.7086273
-2.0717218
0.51597387
-1.3001646
-0.22231369
1.3288184
1.091468
-1.2861001
-0.76799953
-0.049908236
-1.4271291
-2.6369474
-2.6423078
-0.007455051
-2.6095278
0.16755104
-1.7816004
-3.0160823
-0.9090702
-1.7557838
1.3444452
-1.0588983
1.483712
-1.7643759
1.4906958
-0.72168285
1.9147207
0.18631473
-0.17919862
-0.48652434
-0.2564538
0.7835052
2.2954333
1.9084885
0.39105937
1.4720782
-0.66180515
0.63437784
0.14854154
2.0406919
-1.1674446
0.6795339
-1.2778685
-1.1599276
-3.201653
-1.1104052
-0.2825027
-0.9003125
-1.1424543
0.44920635
-1.8712144
-2.0444653
-0.10827793
-0.102135874
-1.3319408
-0.25242335
1.0000309
1.1012167
1.1175056
2.7710392
-1.4786203
3.4155939
0.26346165
-0.5624321
1.7658455
0.60411704
-1.0505712
-1.5805417
-0.58077335
-0.5300724
0.53477824
0.27498013
2.1937327
-0.69163895
-0.8690733
-1.536042
1.5059298
2.2447994
2.0069072
0.36517525
2.438057
3.4393008
2.4207363
2.0347762
1.7964765
0.33178017
2.6909084
0.87061006
-2.674207
3.9278402
0.99275005
0.70490015
2.1471734
2.843549
0.6273545
-0.41515273
1.3514271
0.6715095
-0.99499315
0.37178114
0.9939132
0.045704097
-1.2562338
1.278512
-1.248034
1.4618686
2.9337113
-0.40370303
0.50192595
1.2408015
-0.19934845
2.3235283
0.91146564
2.4663517
-1.966474
1.0749745
1.5775685
-0.4568858
-0.80712825
3.8153532
-0.75262356
0.6530216
-0.3083768
-1.9493002
2.1353147
-0.3714457
-1.4391961
-0.90646714
-0.9473676
0.50872815
-0.72439456
0.14526606
-1.383609
1.6218269
-2.7649665
-0.29444826
-0.5544967
-0.05852648
-0.37410092
0.94743836
1.6153524
0.792644
-1.1744697
-3.5397527
-0.487895
1.1986316
-3.1555421
1.5408336
-0.7701549
-0.14403798
-0.83068424
-2.10888
-2.1081848
-4.0794296
-1.9360003
1.266457
-0.19496793
-0.010104507
0.47088668
1.9996388
0.5075669
1.523485
0.9330665
1.7482951
3.32085
1.9085665
1.3427867
-1.279699
-2.6606865
-0.6326556
-0.9722415
0.61994624
1.1122853
-0.66127884
-0.27476084
-1.4373978
-3.1459212
0.0016294718
-0.43410838
-1.3075482
-0.30563295
1.0713153
-0.42275113
-2.9267783
-0.30661148
-3.766877
0.39640182
-2.0091107
-1.2069824
-3.3432605
-2.3452303
-1.0087144
0.48126653
-0.781122
0.2728396
0.29444563
2.7656476
0.880771
1.1400235
0.09237909
2.838225
-0.44630075
-0.8423934
2.8067508
1.4534336
0.1582303
1.1125656
3.267618
-0.5888001
0.7420846
-0.46017802
-1.197063
0.9273174
-0.7866795
-1.1551583
1.8687644
2.9850247
1.9668732
0.5560883
-0.008665085
-1.3505113
0.73010814
0.27180824
4.598611
0.43467593
0.8551182
1.7641089
-1.830955
0.85377717
1.7954688
1.4047761
-0.0433169
-0.18978494
1.2866644
-1.2420806
2.0891924
0.11967802
0.8905507
2.3121257
0.71251583
-3.1144724
-0.6055307
1.0067426
0.12498872
0.3717648
0.48209554
-0.9339291
-1.7642499
0.005663529
2.164272
0.48414135
0.612943
-1.578229
1.9149568
0.5098712
1.3995043
1.0472362
-0.013036013
-0.8699403
-0.11890566
2.772967
0.94276273
6.1061807
1.3595474
0.010002792
0.29669964
-0.26286548
1.9318888
-0.046479445
-0.83700705
-2.1527376
-2.3596334
2.0759916
-1.7986553
-0.4630804
-0.46610218
-2.7654736
-2.4548311
0.40639496
-0.4242717
-2.712804
-1.4940388
-3.5855772
0.20777297
-0.8484037
-0.7078073
0.68343604
-2.260176
-1.9553108
2.869896
-0.21738641
-0.90198326
2.2903907
1.8231192
1.1092445
-1.4312841
2.7592514
-0.8829615
1.3270026
0.71932375
1.6913157
-0.5300473
-2.627373
0.0018442869
0.58410287
-1.1061459
-1.5269638
-0.9214626
-2.1057553
-0.7754294
-0.73081315
1.4736104
-0.58519936
3.2686224
0.17784156
2.05328
-0.1989924
2.4489794
1.3062491
0.3207252
0.7931896
1.4675128
2.6301355
-0.13473904
0.37619686
-0.21251851
-0.19394392
-0.3222854
-0.9799494
-1.3686092
2.15151
-1.1492481
1.1113544
-0.046067834
1.1370721
-0.26563677
0.70548666
2.7112434
-1.5409596
-1.210289
-1.9703957
-1.8070809
-0.58127594
1.6961932
-0.12589538
1.8947728
1.1546996
1.3784544
0.8084391
-3.3514442
-1.4990605
-1.7104893
-2.5998237
-0.85701555
-2.0303144
-0.1268261
0.48944828
-0.36329564
1.7437491
0.8392951
1.0104051
0.7671269
3.0541139
0.7753736
1.5455663
1.2296708
-0.7522085
3.7187626
1.9409987
1.2508874
0.7707427
0.8610657
0.877186
1.4280303
2.7567444
1.201294
2.622174
0.7675442
-1.3408496
0.69805866
-1.2779032
1.295636
0.8014246
2.0974057
1.2106278
-0.9378178
0.30935997
0.845796
0.4113617
-0.22579825
2.6126707
-0.49802315
1.9971337
0.8837403
1.4995804
-1.1118301
0.15311402
-1.9908279
-0.43613172
0.7499889
2.2706025
0.11394107
0.39975727
1.6724569
2.1295533
-0.06879544
-0.11350298
-0.90044594
-0.9923289
-1.4086683
0.3275751
2.0176575
0.53739023
1.1524813
0.7095277
-0.42394072
2.0485392
2.5086906
-0.086628914
1.1114937
2.6907206
0.85343975
0.07597244
0.5364952
2.3531344
-0.3116629
-2.1166844
0.6979351
-2.1090841
1.9038485
1.9791552
-1.5487232
-0.5446702
-2.1633403
1.614641
-1.8010314
-0.25234392
0.97037894
-0.14378971
-0.50433093
-0.2164366
-0.12183508
-1.0135409
0.836486
0.7289062
0.8230524
-1.5540974
-1.0497371
0.27585083
0.7254863
0.9915981
-1.1047539
-0.44604212
-3.980238
-2.1586611
-0.21425256
-0.1836239
-0.57554734
0.9587781
-1.250353
-0.27169725
-1.6470673
0.43720415
-1.2743512
-2.0844405
-2.3504896
-1.8452612
0.13176015
-0.8555887
0.632622
-2.5327897
-0.74410117
-1.2119629
2.6386395
2.5535045
2.7721367
-0.77477586
0.8403764
4.1363387
0.95724225
0.046394408
-1.5253339
-0.7107487
1.8836298
-2.848894
-0.14308786
-0.8569418
-2.7358427
-0.23517776
-1.6309233
-2.47119
-2.159954
-1.5843849
0.42977202
0.48530543
0.65355647
1.261407
0.3267187
-0.3239854
2.4434848
0.012054443
4.016884
2.4150286
2.7863555
3.613678
2.668065
-0.8906015
3.888567
1.7368402
-0.2623905
0.6117037
0.22198734
-2.9391394
-0.62374926
2.038459
1.3070743
-0.065725625
0.8256328
0.7624248
0.27154404
0.39440438
2.2644877
1.1835966
0.35840172
0.639857
1.4380586
1.1938787
0.52382445
1.5120482
1.0365195
1.8776293
1.5401578
0.88434505
2.2632093
1.7258403
2.3248286
1.1340317
2.9771063
4.8816886
-1.7836293
-0.4828807
-0.8851469
-2.2704146
0.25704134
-0.30803853
-2.967726
0.85057837
-1.4182601
