-1.3176973
-0.8930801
-0.69236887
0.123707116
0.23618127
0.36379117
0.77035564
1.2682085
0.99271053
1.2823607
1.45825
1.8376511
1.2239753
0.80213475
0.9044245
0.7557069
0.42248085
0.21854916
0.33770347
0.31471607
-0.17851923
-0.97934353
-1.0991181
-0.864091
-1.1973641
-0.49193692
-1.0972167
-1.2424059
-0.25241387
0.13403088
0.7049188
-0.0678888
0.53692573
1.0695361
0.42641833
0.7535041
0.8036605
0.86186856
0.64480793
0.93517405
0.7003868
1.1595771
0.30760247
0.88903725
0.012516856
0.8419398
-0.10313142
-0.21963118
-0.72985005
-0.17010024
-0.860614
-1.0508955
-1.0630662
-1.297326
-0.46114883
-0.9815639
-0.46068126
0.12909594
-0.03247574
0.55421704
0.6743344
1.3783287
1.743914
1.2701888
1.0330261
0.7157274
0.69320136
0.09165214
0.11799058
-0.29846892
-0.74578947
-1.0988694
-1.0252767
-0.9867813
-0.31959713
-1.542541
-0.63370466
-0.27906674
-0.95231766
-1.4248421
-1.0218542
-1.2416447
-1.0295805
-0.69277793
-1.1048524
-0.68643504
-0.7770108
-0.5343247
-0.23900828
-0.1870428
-0.051751867
-0.40928307
-0.13547848
0.026768044
0.17661375
-0.2964734
0.0333857
-0.42617863
-0.7107086
-0.47683346
-0.20918094
-0.5104022
-1.0998197
-0.8665189
-0.6909192
-1.4271158
-1.2570082
-0.6326469
-1.1696817
-0.7902561
-1.4640412
-0.90904665
0.3923394
-0.02265912
0.80674803
0.26917306
0.9179224
0.62527406
1.7650511
0.7824993
0.96761745
0.25108796
0.35258752
-0.3614396
-1.1496441
-0.68849593
-1.1033931
-0.97460365
-1.0022002
-1.0950754
-1.0071723
-0.6844151
-1.257462
-0.89567804
-1.020998
-0.6586265
-0.031810522
-0.6479889
-0.4579906
-0.65946263
0.016594693
0.54823
-0.38480762
-0.11474618
-0.28606403
0.3030405
0.011358394
-0.4337379
-0.54553837
-0.07786768
0.17663139
0.0879835
-0.27239123
0.09470482
0.2620173
0.26442125
0.46491808
1.0644984
0.6443672
0.83045346
0.54792774
-0.15828079
0.48231977
-0.055296652
0.61341304
-0.26461813
0.4088854
-0.24815151
0.37948066
0.18978201
0.64605176
1.3830943
1.3192683
1.3816874
0.9966361
1.313779
0.5323405
0.11534394
0.1316182
-0.21386358
-0.66300714
-1.770248
-0.7018734
-1.0149657
-0.8925274
-0.20493555
0.2182771
0.015609466
0.27517825
-0.61624235
1.3592918
0.76919854
1.0999882
0.78775436
0.91253996
1.1664965
1.3930573
0.78956616
0.7739297
0.3286155
0.37139046
0.4499918
-0.38261542
-0.302986
-0.6510146
-0.6231291
-0.736099
-0.89182925
-1.0349321
-1.1160473
-0.17177173
-0.79275143
0.23380588
-0.36995506
0.90169644
-0.00319539
0.13374794
-0.147455
-0.14088663
-0.121879995
-0.775074
-0.48345855
-0.6237583
-1.1693103
-0.6111618
-1.4261672
-0.6690306
-0.78729326
-0.14581844
0.14871475
-0.11826723
0.24858338
0.91295743
0.40258968
0.4212131
0.9876597
0.10609892
0.45566916
0.7688962
0.22369158
1.3593955
0.3452158
0.29630345
0.9166454
1.3118322
1.0206664
1.1116495
1.2266815
0.5768856
0.004379764
-0.34625244
-0.5902136
-1.216627
-0.7977686
-1.1493747
-0.5650053
-0.5508472
-0.8568419
0.045510963
-0.7672121
0.46358645
0.9437615
0.85067666
1.2426629
1.1901996
1.4432518
1.3807496
0.9115163
1.5168793
1.0605845
1.0411544
0.13109237
0.25171047
-0.29819292
-0.56990945
-0.23294389
-1.0069518
-1.5750755
-0.6267697
-1.1326746
-1.3172064
-0.40325135
-0.1987592
0.3881433
0.95195043
1.3322699
0.8959542
1.277023
0.29433995
0.016447127
0.5384699
0.16716611
-0.031618893
-0.8776779
-0.3531608
-0.79633117
-0.6983924
-0.36049494
-0.1784049
-0.34284657
0.22898535
0.08077293
-0.09882492
0.30963033
0.43715942
0.36053807
-0.20887339
0.33483082
0.23499873
-0.83234394
0.3468815
-0.6479201
-0.40471622
-0.56837445
0.010449648
0.15869573
0.2652537
0.041951943
0.38931903
-0.2517233
-0.029045917
0.6407598
0.18397069
0.34996158
0.46274358
0.39941704
0.71389043
0.8508512
1.4038062
0.722138
1.0687313
1.4304559
0.7729654
0.7044637
0.8325922
0.84325445
1.3061483
0.4273073
0.47912723
0.17112535
0.3080748
0.2876541
-0.16376257
-0.32443297
0.15557265
-0.59043074
-0.2639761
-0.33933422
-0.7816141
-1.4272943
-0.69183993
-0.9798786
-0.9065202
-1.0737472
-0.84594506
-1.4800231
-0.8167288
-0.29247874
-0.3319908
-0.42451736
-0.7937503
-1.2858903
-0.67118645
-1.2165705
-1.676605
-0.76186657
-1.2007543
-0.63255334
-1.0839999
-0.033565164
-0.25935537
0.16827786
-0.09640798
0.71859145
0.88586175
0.6431343
0.7866674
0.64997256
0.82765096
0.32475245
0.016550034
-0.21381547
-0.23145726
-0.088680096
-0.31976968
-0.6179073
-0.23146027
-0.67588973
-0.6764231
-1.3961049
-1.5967083
-0.45652127
-0.1807239
-0.08755708
-0.7971089
-0.31594676
-0.114684954
-0.25251287
0.2579724
0.55185455
0.26649013
0.093558386
0.04523532
0.2304026
-0.101983026
0.15197986
-1.0696181
0.2892955
-0.336546
-0.2663026
-0.84906995
-0.807535
-0.9897851
-0.08375955
-0.83475584
-1.0041574
-0.6232889
-0.7280726
-0.63898814
-0.029999554
0.26214615
-0.3358752
0.66415787
0.16165894
-0.08960451
0.050373495
-0.08562662
0.10631766
0.3369533
-0.33418173
-0.6537262
0.09909951
-0.08400518
0.1003288
-0.8521583
-1.5270612
-1.7748463
-0.75799686
-1.0185926
-0.25038788
-0.16748899
-0.010600805
-0.2920134
-0.11561394
0.6847239
0.4351902
1.1502066
1.0757983
0.7487671
0.4933804
0.9611218
1.1331488
0.544193
0.92628944
0.63610697
0.92167616
0.85869133
0.89133614
1.1503813
1.1523898
0.7398667
1.3540175
0.82984656
1.3061914
1.6188245
0.60942
1.0646222
1.003953
1.5219091
0.7265308
1.3499904
0.9830702
1.2281655
0.6755574
0.19290696
0.3977443
-0.07806323
0.04287245
-0.65095764
-0.22099856
0.20858532
0.35276154
0.37469697
0.84103775
0.6052121
1.4236519
0.8035527
1.1315225
0.9961138
0.7502649
-0.105148375
0.14891519
-0.13273658
-0.0012891889
-0.53270024
-1.1773148
-0.5740825
-0.9799484
-1.1617827
-1.5613674
-0.95217735
-0.13781166
-0.70083654
-0.52402
-0.77391124
0.51514786
0.21495846
0.3294504
0.927759
1.8656111
1.9811423
1.4148977
0.9383183
0.4530043
0.08433363
-0.37109196
-0.3270256
-0.7476656
-0.82693195
-0.95211554
-0.5190034
-0.63676876
-1.0845871
-0.09261103
-0.39142337
0.28071466
-0.20600598
0.3657955
0.37240183
-0.09342548
0.10454269
0.54275334
-0.25024682
-0.4026237
0.11268256
-0.016437268
-0.32238704
-0.4934029
0.37735546
0.5547606
0.32286447
0.68071187
0.56152016
0.9886627
1.0521725
1.0734329
0.47835413
1.490413
0.49628294
1.1734172
0.6246971
0.84650195
0.12913415
0.17281464
-0.22043376
-0.9472642
-1.4375628
-1.4347101
-0.44316834
-1.1408858
-0.1798459
-0.6037848
-0.4875639
0.7582119
1.048183
0.9813003
0.959485
1.1568272
1.318284
0.7045005
-3.8139522e-05
-0.7199236
-0.27366948
-1.3599752
-1.5156381
-1.2897007
-1.5330249
-0.6313392
-0.5471584
-0.59500587
-0.6307003
0.27400124
0.15247533
0.24562466
0.39763707
0.54157054
0.970783
0.7451527
0.71397376
1.0471815
0.9938457
0.7089005
0.21265918
-0.033801496
-0.28229076
0.13273153
-0.956444
-1.5450554
-0.61313283
-1.1169597
-1.0869707
-0.7173336
-1.8925625
-0.49832982
-0.6045227
-0.4812184
-0.5760972
-0.39981633
-0.440839
-0.769294
-0.1620699
-0.49255788
0.12515064
0.2834493
-0.51675415
-0.07207003
-0.24257724
-0.28439486
-0.645324
-0.11855318
-0.41773674
-1.0070745
-1.0304968
-0.55876875
-1.0646614
-0.71740526
-0.7664323
-1.3797499
-0.6293832
-0.61129177
-0.7590488
-0.22323906
0.57111543
-0.4301218
0.05876088
0.0029004067
-0.0665438
0.09654078
-0.16216156
0.19688387
-0.20687994
-0.033511765
0.07319836
-0.053905636
-0.26567918
-0.7545613
-0.2567752
-0.35377014
-0.91386056
-1.3155153
-0.80814046
-1.2434828
-0.8777143
-0.6224699
-0.44915184
-0.74096775
0.004685402
-0.23051645
0.3619148
0.31960034
0.002177745
0.23402521
0.008290052
0.21150094
1.1402144
0.5801456
0.7571988
1.7308452
1.7801125
1.2972813
0.71539867
0.3740561
0.8125711
0.6931766
0.857982
1.0278574
0.74656785
0.33188382
1.0616289
0.8667438
0.3274923
1.4166105
0.34873316
1.0887065
0.6112084
0.39564204
0.32745335
0.81785965
1.0606687
0.6969877
0.8683991
1.2052089
0.5058279
0.7363316
1.2869912
0.7653292
0.7342909
0.76521146
-0.33383265
0.7800332
0.1973758
0.31440917
0.7290709
0.58958036
0.1270886
0.569361
0.7106446
0.99850965
0.44024417
0.5227033
0.8670353
1.5339699
0.84919775
1.0882628
0.57005155
0.7466842
1.0287014
0.6198603
1.7741354
0.45114034
0.58258057
0.66370624
1.1791279
1.3726238
0.276425
1.3212101
0.97248507
0.2894064
0.62724054
-0.37434107
-0.41891465
-0.5061008
-1.035194
-0.64754075
-0.99356574
-0.049502432
-0.49230292
-0.46768045
-0.22658345
0.41917777
0.5154767
1.0554074
0.6269825
0.76324916
0.56253815
-0.043773144
-0.32978916
-0.14515537
-1.1149259
-1.0006633
-0.90723467
-0.89827406
-1.3454816
-1.3762419
-0.88441706
-0.677714
-0.28213713
0.19822101
-0.22003308
0.13275142
-0.057481103
-0.8126874
-0.117776304
-0.7122884
-1.1497204
-1.5929418
-1.5510306
-1.0732734
-0.87799
-1.2991282
-0.7948767
-0.72084475
-0.3392906
-0.98291266
-0.38287997
-1.5255399
-0.44355294
-0.6929318
-0.8265362
-0.41120395
-0.40511012
-0.89810836
-1.1892314
-0.5884872
-0.72255707
-0.5286163
-0.5393506
-0.6569029
-1.6889098
-0.57626903
-0.96593237
-0.4937201
-0.7220262
0.13962099
-0.13488497
-0.28648466
0.53603566
0.11772424
0.20931421
-0.2964617
0.41372114
-0.34827763
0.04760039
-1.02591
-0.2553658
-0.9181019
-0.552813
-0.9222934
-0.79969025
-0.28173238
0.54210526
-0.002542913
1.3938022
0.95736426
0.44461843
0.6263186
0.91375875
0.38220185
0.32081658
0.15834558
-1.241601
-1.5701697
-1.5027006
-1.5312073
-1.2873044
-0.95316213
-1.0959615
-1.6175032
-0.43787742
-0.1973368
-1.0962944
-0.5026847
-0.19613457
-0.4025371
-0.8780389
-0.42257255
-0.7625867
-0.9496659
-0.5707464
-0.88185745
-0.7557119
-0.22583932
-0.6900481
-0.691553
-1.4963887
-0.73686165
-0.4321004
-0.6493403
0.2526449
-0.27150705
-0.14796172
0.04377708
0.8656994
0.9805553
0.62180257
0.59841096
1.0658395
1.4135671
0.3649087
0.08895296
-0.10540346
0.11233636
-0.39135057
0.13291356
0.5064719
-0.19010624
0.3702484
0.42302844
0.24126562
-0.005223468
0.088379726
0.030537
-0.41203666
0.15214136
-0.49233973
-0.9152975
-0.7792814
-1.3001634
-0.59117615
-0.48276937
-1.5780141
-0.23099622
0.6395588
0.5982516
0.5571407
0.9706674
1.1033405
0.9380755
1.5208608
1.3254675
0.84859425
1.1350517
0.8799132
0.70086646
0.65575325
0.06394863
0.921221
0.3842338
0.5786314
0.98532796
1.3161516
1.5158958
1.3284373
0.76602244
0.9042112
-0.0052199364
-0.01010257
0.18232337
-0.78039974
-0.8139068
-1.1567752
-0.93287957
-0.94257367
-0.6169619
-0.76192737
-1.3297275
-0.62143743
-0.34512782
-0.85341614
-0.38820207
-0.35944828
-0.51881444
0.22828186
0.044613957
-0.3274125
1.1541839
1.4193581
0.9361219
0.69315106
0.62349373
0.30985808
0.6144569
0.105315045
-0.11643085
0.27912855
-0.55443645
-0.34696606
-0.30609828
-1.0259826
-0.37510908
-0.4682604
-1.225854
-0.77220017
-0.97338414
-0.9090073
-0.58092934
-0.49543688
-0.45217368
-0.67736065
0.02180858
0.61604434
-0.2071962
-0.026585713
1.0886358
0.23352058
0.6174557
-0.8584719
1.3134899
0.840529
0.79665446
1.1218354
1.3933253
0.7823632
0.89528215
1.1706872
0.77540034
0.71434426
0.60468405
0.33329
-0.0440408
0.61706096
-0.08680579
-0.64028364
-1.0281059
-1.1349919
-1.7343372
-0.69547033
-1.27014
-0.17336196
-0.6049147
-0.7781266
-0.72575945
-1.0299871
-0.37449935
-0.48844838
-0.57997906
-0.41295248
-0.087711066
-0.45315814
-0.010856658
-0.086552754
-0.49977612
0.0042343736
0.6631342
0.52764344
0.31953606
0.71440667
1.1914477
1.0426518
0.771039
0.32905108
-0.24808317
-0.18508402
-0.44561264
-1.3355407
-0.43591407
-1.0964575
-1.3071858
-1.9198153
-1.1912526
-1.6809006
-1.1097792
-1.3779151
-0.3671347
-0.23948854
-0.5039322
-1.080362
-0.112617
1.0839971
-0.1786794
0.6952828
0.34443128
1.1135571
0.78224194
